%YAML:1.0
---
model_type: PINHOLE
camera_name: camera
image_width: 640
image_height: 480
distortion_parameters:
   k1: 0
   k2: 0
   p1: 0
   p2: 0
projection_parameters:
   fx: 611.603515625
   fy: 611.7554321289062
   cx: 317.1910400390625
   cy: 242.47885131835938